7 24
1 16
1 23
1 24
2 4
2 10
2 17
3 9
3 16
3 23
4 6
4 10
4 14
4 17
5 7
5 23
5 24
6 10
6 14
7 23
7 24
8 10
8 12
8 22
9 16
9 23
10 12
10 14
10 17
10 21
10 22
10 23
11 15
11 18
11 21
12 19
12 20
12 21
12 22
13 18
13 20
13 21
15 18
15 21
16 23
16 24
18 20
18 21
19 20
19 21
20 21
21 23
23 24

1 3 1
1 6 3
1 10 23
1 12 6
1 15 1
1 17 9
1 18 4
1 19 2
1 24 10
2 4 10
2 5 7
2 10 11
2 11 2
2 12 6
2 13 9
2 16 7
2 22 4
3 4 11
3 5 8
3 11 3
3 12 5
3 13 9
3 16 6
3 21 15
3 22 5
4 4 9
4 5 8
4 11 3
4 12 6
4 13 12
4 16 9
4 21 11
4 22 6
5 4 8
5 5 7
5 11 2
5 12 2
5 13 11
5 16 5
5 22 6
5 23 20
6 4 10
6 5 7
6 11 3
6 12 3
6 13 11
6 16 6
6 21 16
6 22 4
7 1 12
7 2 3
7 7 18
7 8 2
7 9 3
7 14 1
7 18 2
7 20 14
7 23 20
